image: mymap.pgm
resolution: 0.050000
origin: [-43.350001, -19.500000, -nan]
negate: 0
occupied_thresh: 0.65
free_thresh: 0.196

